a,b,c,d,e,f
859.7851677,341.4882715,-5.07E-08,-2.98E-08,-1.51E-07,-0.0003101158464
341.4882715,859.7851679,-5.13E-09,4.40E-08,1.26E-07,0.000312752325
-5.07E-08,-5.13E-09,-3.33E-19,5.79E-20,2.42E-19,8.31E-06
-2.98E-08,4.40E-08,5.79E-20,-6.09E-19,-2.16E-20,-5.21E-08
-1.51E-07,1.26E-07,2.42E-19,-2.16E-20,1.19E-20,9.32E-09
-0.0003101158464,0.000312752325,8.31E-06,-5.21E-08,9.32E-09,259.1485864
